Color tables in plotcolors.f90 were grouped into types, resulting in the following
changes to each color table number.  

The format is:

oldnumber,newnumber
-------------------

1,1
2,2
3,3
4,4
5,100
6,5
7,101
8,102
9,6
10,7
11,8
12,103
13,104
14,9
15,105
16,106
17,107
18,108
19,10
20,200
21,201
22,300
23,301
24,202
25,11
26,302
27,400
28,401
29,402
30,109
31,12
32,403
33,13
34,14
35,15
36,110
37,203
38,111
39,16
40 (didn't exist)
41,17
42,18
43,112
44,19
45,20
46,21
47,404
48,22
49,113
50,304
51,305
52,114
53,115
54,116
55,23
56,24
57,25
58,306
59,307
60,117
61,26
62,27
63,28
64,29
65,30
66,31
67,32
68,33
69,34
70,118
71,119
72,120
73,121
74,122
75,123
76,405
77,124
78,406
79,35
80,125
81,126
82,127
83,128
84,129
85,36
86,37
87,38
88,130
89,39
90,131
91,132
92,40
93,133
94,134
95,135
96,407
97,41
98,42
99,136
100,137
101,43
102,44
103,45
104,138
105,139
106,140
107,141
108,46
109,142
110,47
111,143
112,48
113,144
114,49
115,50
116,51
117,52
118,53
119,145
120,146
121,147
122,148
123,149
124,150
125,151
126,152
127,153
128,408
129,54
130,55
131,409
132,410
133,154
134,303
135,155
136,411
137,156
138,56
139,204
140,57
