   0   20.60  -66.30
   1   20.67  -66.53
   2   20.73  -66.77
   3   20.80  -67.00
   4   20.87  -67.30
   5   20.93  -67.60
   6   21.00  -67.90
   7   21.07  -68.10
   8   21.13  -68.30
   9   21.20  -68.50
  10   21.27  -68.70
  11   21.33  -68.90
  12   21.40  -69.10
  13   21.50  -69.33
  14   21.60  -69.57
  15   21.70  -69.80
  16   21.73  -70.00
  17   21.77  -70.20
  18   21.80  -70.40
  19   21.87  -70.60
  20   21.93  -70.80
  21   22.00  -71.00
  22   22.10  -71.13
  23   22.20  -71.27
  24   22.30  -71.40
  25   22.40  -71.60
  26   22.50  -71.80
  27   22.60  -72.00
  28   22.63  -72.17
  29   22.67  -72.33
  30   22.70  -72.50
  31   22.77  -72.67
  32   22.83  -72.83
  33   22.90  -73.00
  34   23.00  -73.17
  35   23.10  -73.33
  36   23.20  -73.50
  37   23.27  -73.63
  38   23.33  -73.77
  39   23.40  -73.90
  40   23.53  -74.07
  41   23.66  -74.23
  42   23.80  -74.40
  43   23.90  -74.53
  44   24.00  -74.67
  45   24.10  -74.80
  46   24.17  -74.90
  47   24.23  -75.00
  48   24.30  -75.10
  49   24.37  -75.20
  50   24.43  -75.30
  51   24.50  -75.40
  52   24.57  -75.50
  53   24.63  -75.60
  54   24.70  -75.70
  55   24.77  -75.80
  56   24.83  -75.90
  57   24.90  -76.00
  58   25.03  -76.13
  59   25.17  -76.27
  60   25.30  -76.40
  61   25.37  -76.50
  62   25.43  -76.60
  63   25.50  -76.70
  64   25.77  -77.00
  65   26.03  -77.30
  66   26.30  -77.60
  67   26.17  -77.57
  68   26.03  -77.53
  69   25.90  -77.50
  70   25.90  -77.50
  71   25.90  -77.50
  72   25.90  -77.50
  73   25.97  -77.60
  74   26.03  -77.70
  75   26.10  -77.80
  76   26.20  -77.87
  77   26.30  -77.83
  78   26.40  -78.00
  79   26.47  -78.03
  80   26.53  -78.07
  81   26.60  -78.10
  82   26.63  -78.20
  83   26.67  -78.30
  84   26.70  -78.40
  85   26.77  -78.53
  86   26.83  -78.67
  87   26.90  -78.80
  88   26.90  -78.87
  89   26.90  -78.93
  90   26.90  -79.00
  91   26.90  -79.10
  92   26.90  -79.20
  93   26.90  -79.30
  94   26.93  -79.33
  95   26.97  -79.37
  96   27.00  -79.40
  97   27.03  -79.50
  98   27.07  -79.60
  99   27.10  -79.70
 100   27.15  -79.95
 101   27.20  -80.20
 102   27.20  -80.30
 103   27.20  -80.40
 104   27.20  -80.45
 105   27.20  -80.50
 106   27.25  -80.60
 107   27.30  -80.70
 108   27.40  -80.80
 109   27.50  -80.90
 110   27.60  -81.05
 111   27.70  -81.20
 112   27.77  -81.37
 113   27.83  -81.53
 114   27.90  -81.70
 115   27.93  -81.87
 116   27.97  -82.03
 117   28.00  -82.20
 118   28.03  -82.23
 119   28.07  -82.27
 120   28.10  -82.30
 121   28.17  -82.43
 122   28.23  -82.57
 123   28.30  -82.70
 124   28.40  -82.90
 125   28.50  -83.10
 126   28.60  -83.30
 127   28.63  -83.37
 128   28.67  -83.43
 129   28.70  -83.50
 130   28.83  -83.53
 131   28.97  -83.57
 132   29.10  -83.60
 133   29.23  -83.73
 134   29.37  -83.87
 135   29.50  -84.00
 136   29.70  -84.03
 137   29.90  -84.07
 138   30.10  -84.10
 139   30.27  -84.17
 140   30.43  -84.23
 141   30.60  -84.30
 142   30.77  -84.37
 143   30.93  -84.43
 144   31.10  -84.50
 145   31.17  -84.53
 146   31.23  -84.57
 147   31.30  -84.60
 148   31.42  -84.68
 149   31.53  -84.77
 150   31.65  -84.85
 151   31.77  -84.93
 152   31.88  -85.02
 153   32.00  -85.10
 154   32.07  -85.13
 155   32.13  -85.17
 156   32.20  -85.20
 157   32.27  -85.23
 158   32.33  -85.27
 159   32.40  -85.30
 160   32.50  -85.19
 161   32.60  -85.07
 162   32.70  -84.95
 163   32.80  -84.84
 164   32.90  -84.72
 165   33.00  -84.60
 166   33.15  -84.47
 167   33.30  -84.33
 168   33.45  -84.20
 169   33.60  -84.07
 170   33.75  -83.93
 171   33.90  -83.80
 172   33.98  -83.88
 173   34.07  -83.97
 174   34.15  -84.05
 175   34.23  -84.13
 176   34.32  -84.22
 177   34.40  -84.30
 178   34.68  -84.07
 179   34.97  -83.83
 180   35.25  -83.60
 181   35.53  -83.37
 182   35.82  -83.13
 183   36.10  -82.90 
 184   36.43  -82.75
 185   36.77  -82.60
 186   37.10  -82.45
 187   37.43  -82.30
 188   37.77  -82.15
 189   38.10  -82.00
 190   38.30  -81.78
 191   38.50  -81.57
 192   38.70  -81.35
 193   38.90  -81.13
 194   39.10  -80.92
 195   39.30  -80.70
 196   39.65  -80.48
 197   40.00  -80.27
 198   40.35  -80.05
 199   40.70  -79.83
 200   41.05  -79.62
 201   41.40  -79.40
 
 
