   0   17.10  126.80
   1   17.20  126.57
   2   17.30  126.33
   3   17.40  126.10
   4   17.50  125.87
   5   17.60  125.63
   6   17.70  125.40
   7   17.78  125.22
   8   17.87  125.03
   9   17.95  124.85
  10   18.03  124.66
  11   18.12  124.48
  12   18.20  124.30
  13   18.23  124.08
  14   18.27  123.87
  15   18.30  123.65
  16   18.33  123.43
  17   18.37  123.22
  18   18.40  123.00
  19   18.45  122.83
  20   18.50  122.67
  21   18.55  122.50
  22   18.60  122.33
  23   18.65  122.17
  24   18.70  122.00
  25   18.73  121.83
  26   18.77  121.67
  27   18.80  121.50
  28   18.83  121.33
  29   18.87  121.17
  30   18.90  121.00
  31   19.02  120.90
  32   19.13  120.80
  33   19.25  120.70
  34   19.37  120.60
  35   19.48  120.50
  36   19.60  120.40
  37   19.63  120.15
  38   19.67  119.90
  39   19.70  119.65
  40   19.73  119.40
  41   19.77  119.15
  42   19.80  118.90
  43   19.85  118.75
  44   19.90  118.60
  45   19.95  118.45
  46   20.00  118.30
  47   20.05  118.15
  48   20.10  118.00
  49   20.15  117.88
  50   20.20  117.77
  51   20.25  117.65
  52   20.30  117.53
  53   20.35  117.42
  54   20.40  117.30
  55   20.45  117.18
  56   20.50  117.07
  57   20.55  116.95
  58   20.60  116.83
  59   20.65  116.72
  60   20.70  116.60
  61   20.77  116.48
  62   20.83  116.37
  63   20.90  116.25
  64   20.97  116.13
  65   21.03  116.02
  66   21.10  115.90
  67   21.17  115.78
  68   21.23  115.67
  69   21.30  115.55
  70   21.37  115.43
  71   21.43  115.32
  72   21.50  115.20
  73   21.58  115.08
  74   21.67  114.97
  75   21.75  114.85
  76   21.83  114.73
  77   21.92  114.62
  78   22.00  114.50
  79   22.08  114.40
  80   22.17  114.30
  81   22.25  114.20
  82   22.33  114.10
  83   22.42  114.00
  84   22.50  113.90
  85   22.55  113.80
  86   22.60  113.70
  87   22.65  113.60
  88   22.70  113.50
  89   22.75  113.40
  90   22.80  113.30
  91   22.83  113.20
  92   22.87  113.10
  93   22.90  113.00
  94   22.93  112.90
  95   22.97  112.80
  96   23.00  112.70

