   0   13.20  146.80
   1   13.20  146.53
   2   13.20  146.27
   3   13.20  146.00
   4   13.20  145.73
   5   13.20  145.47
   6   13.20  145.20
   7   13.26  144.92
   8   13.33  144.63
   9   13.40  144.35
  10   13.46  144.07
  11   13.53  143.78
  12   13.60  143.50
  13   13.70  143.23
  14   13.80  142.97
  15   13.80  142.70
  16   14.00  142.43
  17   14.10  142.17
  18   14.20  141.90
  19   14.30  141.62
  20   14.40  141.33
  21   14.50  141.05
  22   14.60  140.77
  23   14.70  140.48
  24   14.80  140.20
  25   15.00  139.90
  26   15.20  139.60
  27   15.40  139.30
  28   15.60  139.00
  29   15.80  138.70
  30   16.00  138.40
  31   16.02  138.12
  32   16.03  137.83
  33   16.05  137.55
  34   16.07  137.27
  35   16.08  136.98
  36   16.10  136.70
  37   16.08  139.42
  38   16.07  139.13
  39   16.05  138.85
  40   16.03  135.57
  41   16.02  135.28
  42   16.00  135.00
  43   15.98  134.73
  44   15.97  134.47
  45   15.95  134.20
  46   15.93  133.93
  47   15.92  133.67
  48   15.90  133.40
  49   15.93  133.07
  50   15.97  132.73
  51   16.00  132.40
  52   16.03  132.07
  53   16.07  131.73
  54   16.10  131.40
  55   16.17  131.13
  56   16.23  130.87
  57   16.30  130.60
  58   16.37  130.33
  59   16.43  130.07
  60   16.50  129.80
  61   16.57  129.55
  62   16.63  129.30
  63   16.70  129.05
  64   16.77  128.80
  65   16.83  128.55
  66   16.90  128.30
  67   16.93  129.05
  68   16.97  127.80
  69   17.00  127.55
  70   17.03  127.30
  71   17.07  127.05
  72   17.10  126.80
  73   17.20  126.57
  74   17.30  126.33
  75   17.40  126.10
  76   17.50  125.87
  77   17.60  125.63
  78   17.70  125.40
  79   17.78  125.22
  80   17.87  125.03
  81   17.95  124.85
  82   18.03  124.66
  83   18.12  124.48
  84   18.20  124.30
  85   18.23  124.08
  86   18.27  123.87
  87   18.30  123.65
  88   18.33  123.43
  89   18.37  123.22
  90   18.40  123.00
  91   18.45  122.83
  92   18.50  122.67
  93   18.55  122.50
  94   18.60  122.33
  95   18.65  122.17
  96   18.70  122.00
  97   18.73  121.83
  98   18.77  121.67
  99   18.80  121.50
 100   18.83  121.33
 101   18.87  121.17
 102   18.90  121.00
 103   19.02  120.90
 104   19.13  120.80
 105   19.25  120.70
 106   19.37  120.60
 107   19.48  120.50
 108   19.60  120.40
 109   19.63  120.15
 110   19.67  119.90
 111   19.70  119.65
 112   19.73  119.40
 113   19.77  119.15
 114   19.80  118.90
 115   19.85  118.75
 116   19.90  118.60
 117   19.95  118.45
 118   20.00  118.30
 119   20.05  118.15
 120   20.10  118.00
 121   20.15  117.88
 122   20.20  117.77
 123   20.25  117.65
 124   20.30  117.53
 125   20.35  117.42
 126   20.40  117.30
 127   20.45  117.18
 128   20.50  117.07
 129   20.55  116.95
 130   20.60  116.83
 131   20.65  116.72
 132   20.70  116.60
 133   20.77  116.48
 134   20.83  116.37
 135   20.90  116.25
 136   20.97  116.13
 137   21.03  116.02
 138   21.10  115.90
 139   21.17  115.78
 140   21.23  115.67
 141   21.30  115.55
 142   21.37  115.43
 143   21.43  115.32
 144   21.50  115.20
 145   21.58  115.08
 146   21.67  114.97
 147   21.75  114.85
 148   21.83  114.73
 149   21.92  114.62
 150   22.00  114.50
 151   22.08  114.40
 152   22.17  114.30
 153   22.25  114.20
 154   22.33  114.10
 155   22.42  114.00
 156   22.50  113.90
 157   22.55  113.80
 158   22.60  113.70
 159   22.65  113.60
 160   22.70  113.50
 161   22.75  113.40
 162   22.80  113.30
 163   22.83  113.20
 164   22.87  113.10
 165   22.90  113.00
 166   22.93  112.90
 167   22.97  112.80
 168   23.00  112.70

